6
top
1 3
3 8
8 6
6 1
2 5
5 7
7 4
4 2
9 33
33 25
25 17
17 9
10 34
34 26
26 18
18 10
11 35
35 27
27 19
19 11
left
9 11
11 16
16 14
14 9
10 13
13 15
15 12
12 10
1 17
17 41
41 40
40 1
4 20
20 44
44 37
37 4
6 22
22 46
46 35
35 6
front
17 19
19 24
24 22
22 17
18 21
21 23
23 20
20 18
6 25
25 43
43 16
16 6
7 28
28 42
42 13
13 7
8 30
30 41
41 11
11 8
right
25 27
27 32
32 30
30 25
26 29
29 31
31 28
28 26
3 38
38 43
43 19
19 3
5 36
36 45
45 21
21 5
8 33
33 48
48 24
24 8
rear
33 35
35 40
40 38
38 33
34 37
37 39
39 36
36 34
3 9
9 46
46 32
32 3
2 12
12 47
47 29
29 2
1 14
14 48
48 27
27 1
bottom
41 43
43 48
48 46
46 41
42 45
45 47
47 44
44 42
14 22
22 30
30 38
38 14
15 23
23 31
31 39
39 15
16 24
24 32
32 40
40 16
